decoder_heading,ident_heading,heading_map_score,heading_map_index,heading_type,heading_content_part,heading_content_part_len,high_level_tag,medium_level_tag
Privacy Policy,Privacy Policy,100.0,0,main,"Privacy PolicyPrivacy PolicyJimblify India built the Bindass Hindi WhatsApp stickers app as                    an Ad Supported app. This SERVICE is provided by                    Jimblify India at no cost and is intended for                    use as is.This page is used to inform visitors regarding                    our policies with the collection, use, and                    disclosure of Personal Information if anyone decided to use                    our Service.",473,<error>,<error>
Privacy Policy,Privacy Policy,100.0,0,main,"If you choose to use our Service, then you agree                    to the collection and use of information in relation to this                    policy. The Personal Information that we collect is                    used for providing and improving the Service.                    We will not use or share your                    information with anyone except as described in this Privacy                    Policy.The terms used in this Privacy Policy have the same meanings",479,<error>,<error>
Privacy Policy,Privacy Policy,100.0,0,main,"                    as in our Terms and Conditions, which is accessible at                    Jimblify india unless otherwise defined in this Privacy                    Policy.",176,<error>,<error>
Information Collection and Use,Information Collection and Use,100.0,1149,main,"Information Collection and UseFor a better experience, while using our Service,                    we may require you to provide us with certain                    ",164,<first>,<error>
Personally Identifiable Information,personally identifiable information,100.0,1316,sub,"personally identifiable information, including but not limited to ",66,<first>,<what>
"Device Model, App Version, Network Name, Device Name, Operating System Version, The configuration of the app, Last active, first session, sessions, Country, language code","Device Model, App Version, Network Name, Device Name, Operating System Version, The configuration of the app, Last active, first session, sessions, Country, language code",100.0,1382,sub,"Device Model, App Version, Network Name, Device Name, Operating System Version, The configuration of the app, Last active, first session, sessions, Country, language code. The                    information that we request will be                    retained by us and used as described in this privacy policy.The app does use third party services that may collect                    information used to ide",407,<first>,<what>
Link to privacy policy of third party service providers used by the app,"ntify you.
Link to privacy policy of third party service providers
    ",83.09859154929578,1793,main,ntify you.Link to privacy policy of third party service providers                      used by the app,102,<third>,<what>
Google Play Services,Google Play Services,100.0,1898,sub,Google Play Services,20,<third>,<what>
AdMob,AdMob,100.0,1919,sub,AdMob,5,<third>,<what>
Firebase Analytics,Firebase Analytics,100.0,1925,sub,Firebase Analytics,18,<third>,<what>
Crashlytics,Crashlytics,100.0,1944,sub,Crashlytics,11,<third>,<what>
Log Data,Log Data,100.0,1956,main,"Log DataWe want to inform you that whenever                    you use our Service, in a case of an error in the                    app we collect data and information (through third                    party products) on your phone called Log Data. This Log Data                    may include information such as your device Internet                  ",352,<retention>,<what>
"Device Internet Protocol (“IP”) address, device name, operating system version, the configuration of the app when utilizing our Service, the time and date of your use of the Service, and other statistics","  Protocol (“IP”) address, device name, operating system
                    version, the configuration of the app when utilizing
                    our Service, the time and date of your use of the
   ",79.80295566502463,2314,sub,"  Protocol (“IP”) address, device name, operating system                    version, the configuration of the app when utilizing                    our Service, the time and date of your use of the                    Service, and other statistics.",247,<error>,<what>
Cookies,Cookies,100.0,2565,main,"CookiesCookies are files with a small amount of data that are                    commonly used as anonymous unique identifiers. These are                    sent to your browser from the websites that you visit and                    are stored on your device's internal memory.This Service does not use these “cookies” explicitly.                    However, the app may use third party code and libraries that                    use “cookies” to collect information and improve their",485,<tracking>,<what>
Cookies,Cookies,100.0,2565,main,"                    services. You have the option to either accept or refuse                    these cookies and know when a cookie is being sent to your                    device. If you choose to refuse our cookies, you may not be                    able to use some portions of this Service.",295,<tracking>,<what>
Service Providers,Service Providers,100.0,3357,main,Service ProvidersWe may employ third-party companies                    and individuals due to the following reasons:,117,<third>,<what>
To facilitate our Service,To facilitate our Service,100.0,3477,sub,To facilitate our Service;,26,<error>,<why>
To provide the Service on our behalf,To provide the Service on our behalf,100.0,3504,sub,To provide the Service on our behalf;,37,<error>,<why>
To perform Service-related services,To perform Service-related services,100.0,3542,sub,To perform Service-related services; or,39,<error>,<why>
To assist us in analyzing how our Service is used,To assist us in analyzing how our Service is used,100.0,3582,sub,"To assist us in analyzing how our Service is used.We want to inform users of this                    Service that these third parties have access to your                    Personal Information. The reason is to perform the tasks                    assigned to them on our behalf. However, they are obligated                    not to disclose or use the information for any other                    purpose.",408,<error>,<why>
Security,Security,100.0,3997,main,"SecurityWe value your trust in providing us your Personal Information, thus we are striving to use commercially acceptable means of protecting it. But remember that no method of transmission over the internet, or method of electronic storage is 100% secure and reliable, and I cannot guarantee its absolute security. We access your storage with you permission to access statues directory,but we never collect your data",418,<security>,<how-used>
Links to Other Sites,Links to Other Sites,100.0,4417,main,"Links to Other SitesThis Service may contain links to other sites. If you click                    on a third-party link, you will be directed to that site.                    Note that these external sites are not operated by                    us. Therefore, we strongly advise you to                    review the Privacy Policy of these websites.                    We have no control over and assume no                    responsibility for the content, privacy policies, or",479,<generic>,<how-gathered>
Links to Other Sites,Links to Other Sites,100.0,4417,main,                    practices of any third-party sites or services.,67,<generic>,<how-gathered>
Children’s Privacy,Children’s Privacy,100.0,4972,main,"Children’s PrivacyThese Services do not address anyone under the age of 13.                    We do not knowingly collect personally                    identifiable information from children under 13. In the case                    we discover that a child under 13 has provided                    us with personal information,                    we immediately delete this from our servers. If you                    are a parent or guardian and you are aware that your child",477,<audience>,<when>
Children’s Privacy,Children’s Privacy,100.0,4972,main,"                    has provided us with personal information, please contact                    us so that we will be able to do                    necessary actions.",167,<audience>,<when>
Changes to This Privacy Policy,Changes to This Privacy Policy,100.0,5627,main,"Changes to This Privacy PolicyWe may update our Privacy Policy from                    time to time. Thus, you are advised to review this page                    periodically for any changes. We will                    notify you of any changes by posting the new Privacy Policy                    on this page. These changes are effective immediately after                    they are posted on this page.",406,<change>,<how-gathered>
Contact Us,Contact Us,100.0,6040,main,"Contact UsIf you have any questions or suggestions about                    our Privacy Policy, do not hesitate to contact                    us at mail2arun1994@gmail.com.",172,<contact>,<other>
