decoder_heading,ident_heading,heading_map_score,heading_map_index,heading_type,heading_content_part,heading_content_part_len,high_level_tag,medium_level_tag
,,-1.0,0,,"Folder Music PlayerSearch this siteSkip to main contentSkip to navigationFolder Music PlayerFolder Music PlayerPrivacy PolicyThis page is used to inform website visitors regarding my policies with the collection, use, and disclosure of Personal Information if anyone decided to use my Service.",293,<error>,<error>
,,-1.0,0,,"If you choose to use my Service, then you agree to the collection and use of information in relation to this policy. The Personal Information that I collect is used for providing and improving the Service. I will not use or share your information with anyone except as described in this Privacy Policy.The terms used in this Privacy Policy have the same meanings as in our Terms and Conditions, which is accessible at Folder Music Player unless otherwise defined in this Privacy Policy.",486,<error>,<error>
Information Collection and Use,Information Collection and Use,100.0,789,main,"Information Collection and UseWhile using Our Application, in order to provide features of Our Application, We may collect, with Your prior permission:",151,<generic>,<what>
Contacts Permission,Contacts Permission,100.0,942,sub,Contacts Permission :Application is get contacts permission to assign ringtone for specific contact only.,105,<first>,<what>
Camera Permission,Camera Permission,100.0,1049,sub,"Camera Permission :Application is get camera permission to set profile picture and set background of application only.We use this information to provide features of Our Service, to improve and customize Our Service. The information may be uploaded to the Company's servers and/or a Service Provider's server or it may be simply stored on Your device.You can enable or disable access to this information at any time, through Your Device settings.",445,<first>,<what>
Log Data,Log Data,100.0,1498,main,"Log DataI want to inform you that whenever you use my Service, in a case of an error in the app I collect data and information (through third party products) on your phone called Log Data. This Log Data may include information such as your device Internet Protocol (“IP”) address, device name, operating system version, the configuration of the app when utilizing my Service, the time and date of your use of the Service, and other statistics.",443,<first>,<what>
Cookies,Cookies,100.0,1943,main,"CookiesCookies are files with small amount of data that is commonly used an anonymous unique identifier. These are sent to your browser from the website that you visit and are stored on your device internal memory.This Service does not use these “cookies” explicitly. However, the app may use third party code and libraries that use “cookies” to collection information and to improve their services. You have the option to either accept or refuse these cookies and know when a cookie is being sent to your device. If you choose to refuse our cookies, you may not be able to use some portions of this Service.",608,<first>,<what>
Service Providers,Service Providers,100.0,2554,main,"Service ProvidersI may employ third-party companies and individuals due to the following reasons:To facilitate our Service;To provide the Service on our behalf;To perform Service-related services; orTo assist us in analyzing how our Service is used.I want to inform users of this Service that these third parties have access to your Personal Information. The reason is to perform the tasks assigned to them on our behalf. However, they are obligated not to disclose or use the information for any other purpose.",511,<third>,<what>
Security,Security,100.0,3072,main,"SecurityI value your trust in providing us your Personal Information, thus we are striving to use commercially acceptable means of protecting it. But remember that no method of transmission over the internet, or method of electronic storage is 100% secure and reliable, and I cannot guarantee its absolute security.",315,<security>,<how-used>
Links to Other Sites,Links to Other Sites,100.0,3389,main,"Links to Other SitesThis Service may contain links to other sites. If you click on a third-party link, you will be directed to that site. Note that these external sites are not operated by me. Therefore, I strongly advise you to review the Privacy Policy of these websites. I have no control over and assume no responsibility for the content, privacy policies, or practices of any third-party sites or services.",411,<third>,<other>
Children’s Privacy,Children’s Privacy,100.0,3802,main,"Children’s PrivacyThese Services do not address anyone under the age of 13. I do not knowingly collect personally identifiable information from children under 13. In the case I discover that a child under 13 has provided me with personal information, I immediately delete this from our servers. If you are a parent or guardian and you are aware that your child has provided us with personal information, please contact me so that I will be able to do necessary actions.",469,<audience>,<other>
Changes to This Privacy Policy,Changes to This Privacy Policy,100.0,4273,main,"Changes to This Privacy PolicyI may update our Privacy Policy from time to time. Thus, you are advised to review this page periodically for any changes. I will notify you of any changes by posting the new Privacy Policy on this page. These changes are effective immediately after they are posted on this page.",309,<change>,<when>
Contact Us,Contact Us,100.0,4584,main,"Contact UsIf you have any questions or suggestions about my Privacy Policy, do not hesitate to contact me at jeetu.mawai@gmail.com.Report abuseGoogle SitesReport abuse",167,<contact>,<other>
